10527204 10527201 0.87
10527207 10527201 0.07
10527210 10527201 0.55
10527211 10527201 0.87
10527214 10527201 0.16
10527218 10527201 0.28
10527221 10527201 0.22
10527225 10527201 0.77
10527230 10527201 0.57
10527235 10527201 0.38
10527237 10527201 0.7
10527238 10527201 0.32
10527241 10527201 0.32
10527246 10527201 0.14
10527250 10527201 0.31
10527272 10527201 0.47
10527273 10527201 0.87
10527206 10527202 0.9
10527209 10527202 0.49
10527212 10527202 0.13
10527215 10527202 0.81
10527219 10527202 0.42
10527222 10527202 0.18
10527227 10527202 0.79
10527233 10527202 0.25
10527239 10527202 0.89
10527243 10527202 0.04
10527245 10527202 0.41
10527247 10527202 0.43
10527270 10527202 0.1
10527275 10527202 0.8
10527207 10527203 0.26
10527213 10527203 0.19
10527217 10527203 0.98
10527220 10527203 0.9
10527222 10527203 0.88
10527224 10527203 0.36
10527228 10527203 0.66
10527234 10527203 0.42
10527236 10527203 0.94
10527237 10527203 0.81
10527240 10527203 0.61
10527245 10527203 0.61
10527249 10527203 0.76
10527272 10527203 0.53
10527276 10527203 0.97
10527201 10527204 0.42
10527208 10527204 0.81
10527209 10527204 0.24
10527211 10527204 0.02
10527212 10527204 0.04
10527214 10527204 0.64
10527218 10527204 0.07
10527219 10527204 0.29
10527225 10527204 0.68
10527230 10527204 0.87
10527235 10527204 0.13
10527238 10527204 0.82
10527241 10527204 0.04
10527246 10527204 0.42
10527250 10527204 0.85
10527272 10527204 0.3
10527273 10527204 0.76
10527275 10527204 0.08
10527276 10527204 0.54
10527202 10527206 0.05
10527207 10527206 0.03
10527209 10527206 0.4
10527212 10527206 0.74
10527215 10527206 0.61
10527222 10527206 0.36
10527225 10527206 0.63
10527227 10527206 0.11
10527228 10527206 0.31
10527233 10527206 0.17
10527236 10527206 0.34
10527239 10527206 0.12
10527243 10527206 0.29
10527247 10527206 0.05
10527270 10527206 0.24
10527275 10527206 0.88
10527210 10527207 0.86
10527213 10527207 0.88
10527214 10527207 0.53
10527215 10527207 0.82
10527217 10527207 0.39
10527219 10527207 0.47
10527220 10527207 0.39
10527222 10527207 0.5
10527224 10527207 0.71
10527225 10527207 0.34
10527228 10527207 0.72
10527237 10527207 0.11
10527240 10527207 0.7
10527249 10527207 0.44
10527272 10527207 0.4
10527276 10527207 0.65
10527201 10527208 0.86
10527204 10527208 0.05
10527209 10527208 0.76
10527211 10527208 0.02
10527214 10527208 0.07
10527218 10527208 0.42
10527219 10527208 0.94
10527221 10527208 0.72
10527225 10527208 0.38
10527230 10527208 0.01
10527235 10527208 0.94
10527238 10527208 0.56
10527241 10527208 0.36
10527243 10527208 0.64
10527246 10527208 0.38
10527250 10527208 0.41
10527270 10527208 0.58
10527202 10527209 0.65
10527206 10527209 0.68
10527212 10527209 0.05
10527215 10527209 0.07
10527217 10527209 0.08
10527219 10527209 0.99
10527222 10527209 0.22
10527227 10527209 0.76
10527233 10527209 0.59
10527234 10527209 0.23
10527235 10527209 0.57
10527236 10527209 0.8
10527270 10527209 0.41
10527275 10527209 0.74
10527202 10527210 0.13
10527207 10527210 0.58
10527208 10527210 0.54
10527209 10527210 0.17
10527213 10527210 0.17
10527217 10527210 0.95
10527220 10527210 0.24
10527224 10527210 0.78
10527227 10527210 0.79
10527228 10527210 0.52
10527234 10527210 0.42
10527237 10527210 0.84
10527240 10527210 0.49
10527246 10527210 0.92
10527249 10527210 0.99
10527272 10527210 0.77
10527276 10527210 0.44
10527201 10527211 0.02
10527204 10527211 0.7
10527208 10527211 0.47
10527210 10527211 0.61
10527214 10527211 0.4
10527218 10527211 0.18
10527220 10527211 0.13
10527221 10527211 0.63
10527225 10527211 0.51
10527227 10527211 0.47
10527230 10527211 0.5
10527235 10527211 0.27
10527238 10527211 0.32
10527241 10527211 0.71
10527246 10527211 0.5
10527247 10527211 0.16
10527250 10527211 0.92
10527273 10527211 0.42
10527206 10527212 1
10527209 10527212 0.71
10527215 10527212 0.39
10527222 10527212 0.13
10527227 10527212 0.87
10527233 10527212 0.01
10527236 10527212 0.92
10527239 10527212 0.1
10527243 10527212 0.86
10527246 10527212 0.58
10527247 10527212 0.54
10527273 10527212 0.4
10527275 10527212 0.37
10527276 10527212 0.64
10527203 10527213 0.75
10527207 10527213 0.22
10527208 10527213 0.35
10527210 10527213 0.3
10527217 10527213 0.01
10527220 10527213 0.24
10527224 10527213 0.66
10527225 10527213 0.92
10527228 10527213 0.99
10527234 10527213 0.55
10527237 10527213 0.3
10527240 10527213 0.26
10527245 10527213 0.64
10527249 10527213 0.2
10527272 10527213 0.46
10527276 10527213 0.23
10527204 10527214 0.88
10527208 10527214 0.01
10527211 10527214 0.13
10527212 10527214 0.68
10527218 10527214 0.92
10527219 10527214 0.81
10527221 10527214 0.03
10527225 10527214 0.81
10527235 10527214 0.7
10527238 10527214 0.48
10527246 10527214 0.83
10527250 10527214 0.87
10527273 10527214 0.81
10527202 10527215 0.3
10527206 10527215 0.94
10527209 10527215 0.21
10527212 10527215 0.46
10527219 10527215 0.85
10527222 10527215 0.3
10527227 10527215 0.18
10527233 10527215 0.05
10527236 10527215 0.2
10527237 10527215 0.84
10527239 10527215 0.52
10527243 10527215 0.62
10527247 10527215 0.18
10527270 10527215 0.99
10527275 10527215 0.96
10527202 10527217 0.27
10527203 10527217 0.62
10527207 10527217 0.52
10527210 10527217 0.75
10527212 10527217 0.92
10527213 10527217 0.67
10527220 10527217 0.69
10527224 10527217 0.91
10527225 10527217 0.92
10527228 10527217 0.9
10527234 10527217 0.12
10527237 10527217 0.98
10527240 10527217 0.04
10527249 10527217 0.72
10527275 10527217 0.49
10527276 10527217 0.39
10527201 10527218 0.85
10527204 10527218 0.59
10527208 10527218 0.71
10527211 10527218 0.85
10527214 10527218 0.97
10527221 10527218 0.02
10527225 10527218 0.48
10527230 10527218 0.06
10527235 10527218 0.41
10527238 10527218 0.71
10527241 10527218 0.74
10527246 10527218 0.92
10527250 10527218 0.17
10527273 10527218 0.81
10527202 10527219 0.34
10527206 10527219 0.82
10527209 10527219 0.65
10527212 10527219 0.06
10527215 10527219 0.5
10527222 10527219 0.05
10527227 10527219 0.87
10527235 10527219 0.42
10527236 10527219 0.67
10527239 10527219 0.02
10527243 10527219 0.68
10527247 10527219 0.99
10527270 10527219 0.17
10527275 10527219 0.75
10527202 10527220 0.17
10527203 10527220 0.05
10527207 10527220 0.73
10527213 10527220 0.43
10527215 10527220 0.34
10527217 10527220 0.07
10527224 10527220 0.57
10527225 10527220 0.69
10527228 10527220 0.69
10527237 10527220 0.02
10527240 10527220 0.56
10527245 10527220 0.37
10527249 10527220 0.45
10527272 10527220 0.04
10527275 10527220 0.02
10527276 10527220 0.25
10527201 10527221 0.53
10527202 10527221 0.56
10527204 10527221 0.94
10527208 10527221 0.22
10527211 10527221 0.86
10527214 10527221 0.26
10527218 10527221 0.08
10527224 10527221 0.91
10527225 10527221 0.83
10527230 10527221 0.21
10527235 10527221 0.19
10527236 10527221 0.13
10527241 10527221 0.4
10527250 10527221 0.15
10527273 10527221 0.39
10527275 10527221 0.75
10527202 10527222 0.66
10527204 10527222 0.59
10527206 10527222 0.8
10527209 10527222 0.19
10527212 10527222 0.82
10527214 10527222 0.26
10527215 10527222 0.23
10527218 10527222 0.51
10527219 10527222 0.1
10527227 10527222 0.82
10527236 10527222 0.79
10527239 10527222 0.76
10527243 10527222 0.16
10527247 10527222 0.63
10527270 10527222 0.97
10527275 10527222 0.81
10527203 10527224 0.68
10527206 10527224 0.74
10527207 10527224 0.25
10527210 10527224 0.99
10527211 10527224 0.71
10527213 10527224 0.83
10527217 10527224 0.17
10527220 10527224 0.07
10527228 10527224 0.26
10527234 10527224 0.63
10527237 10527224 0.67
10527240 10527224 0.36
10527245 10527224 0.72
10527246 10527224 0.82
10527249 10527224 0.39
10527272 10527224 0.51
10527276 10527224 0.69
10527201 10527225 0.73
10527204 10527225 0.24
10527208 10527225 0.27
10527211 10527225 0.65
10527214 10527225 0.99
10527218 10527225 0.76
10527230 10527225 0.93
10527235 10527225 0.69
10527238 10527225 0.88
10527245 10527225 0.96
10527246 10527225 0.57
10527250 10527225 0.86
10527202 10527227 0.32
10527206 10527227 0.14
10527209 10527227 0.78
10527211 10527227 0.88
10527212 10527227 0.33
10527215 10527227 0.45
10527217 10527227 0.6
10527219 10527227 0.78
10527222 10527227 0.5
10527228 10527227 0.46
10527233 10527227 0.93
10527236 10527227 0.63
10527239 10527227 0.26
10527243 10527227 0.53
10527247 10527227 0.13
10527270 10527227 0.58
10527275 10527227 0.38
10527203 10527228 0.48
10527207 10527228 0.54
10527210 10527228 0.82
10527213 10527228 0.83
10527220 10527228 1
10527224 10527228 0.14
10527234 10527228 0.09
10527237 10527228 0.2
10527240 10527228 0.72
10527247 10527228 0.69
10527249 10527228 0.93
10527272 10527228 0.19
10527276 10527228 0.43
10527201 10527230 0.91
10527204 10527230 0.02
10527208 10527230 0.11
10527209 10527230 0.45
10527211 10527230 0.68
10527214 10527230 0.28
10527217 10527230 0.29
10527218 10527230 0.72
10527221 10527230 0.96
10527225 10527230 0.16
10527228 10527230 0.93
10527235 10527230 0.39
10527238 10527230 0.32
10527241 10527230 0.23
10527245 10527230 0.48
10527246 10527230 0.75
10527247 10527230 0.09
10527250 10527230 0.26
10527273 10527230 0.2
10527201 10527233 0.28
10527202 10527233 0.32
10527203 10527233 1
10527210 10527233 0.74
10527212 10527233 0.36
10527215 10527233 0.35
10527219 10527233 0.48
10527222 10527233 0.33
10527227 10527233 0.99
10527236 10527233 0.39
10527239 10527233 0.72
10527243 10527233 0.2
10527247 10527233 0.61
10527270 10527233 0.66
10527275 10527233 0.45
10527203 10527234 0.19
10527207 10527234 0.34
10527210 10527234 0.76
10527213 10527234 0.37
10527217 10527234 0.48
10527220 10527234 0.86
10527224 10527234 0.36
10527228 10527234 0.51
10527230 10527234 0.42
10527237 10527234 0.3
10527239 10527234 0.85
10527240 10527234 0.35
10527245 10527234 0.25
10527249 10527234 0.72
10527272 10527234 0.58
10527276 10527234 0.21
10527201 10527235 0.35
10527202 10527235 0.51
10527204 10527235 0.29
10527208 10527235 0.68
10527210 10527235 0.07
10527211 10527235 0.83
10527214 10527235 0.45
10527215 10527235 0.49
10527218 10527235 0.46
10527221 10527235 0.28
10527225 10527235 0.18
10527233 10527235 0.07
10527234 10527235 0.37
10527236 10527235 0.15
10527239 10527235 0.47
10527241 10527235 0.91
10527245 10527235 0.54
10527246 10527235 0.66
10527250 10527235 0.67
10527273 10527235 0.9
10527202 10527236 0.33
10527206 10527236 0.88
10527212 10527236 0.99
10527215 10527236 0.06
10527219 10527236 0.83
10527222 10527236 0.15
10527224 10527236 0.5
10527227 10527236 0.97
10527233 10527236 0.31
10527239 10527236 0.82
10527243 10527236 0.41
10527247 10527236 0.23
10527270 10527236 0.2
10527275 10527236 0.39
10527203 10527237 0.83
10527207 10527237 0.56
10527210 10527237 0.34
10527212 10527237 0.06
10527213 10527237 0.46
10527217 10527237 0.57
10527220 10527237 0.42
10527224 10527237 0.61
10527234 10527237 0.16
10527235 10527237 0.09
10527240 10527237 0.29
10527245 10527237 0.36
10527249 10527237 0.77
10527272 10527237 0.83
10527276 10527237 0.87
10527201 10527238 0.47
10527204 10527238 0.49
10527208 10527238 0.35
10527211 10527238 0.83
10527214 10527238 0.44
10527218 10527238 0.8
10527221 10527238 0.19
10527224 10527238 0.43
10527225 10527238 0.11
10527230 10527238 0.3
10527235 10527238 1
10527241 10527238 0.8
10527246 10527238 0.68
10527250 10527238 0.4
10527273 10527238 0.47
10527206 10527239 0.13
10527209 10527239 0.67
10527212 10527239 0.21
10527215 10527239 0.48
10527219 10527239 0.74
10527222 10527239 0.77
10527227 10527239 0.42
10527233 10527239 0.65
10527234 10527239 0.15
10527236 10527239 0.04
10527237 10527239 0.63
10527243 10527239 0.02
10527270 10527239 0.43
10527275 10527239 0.7
10527201 10527240 0.1
10527203 10527240 0.92
10527207 10527240 0.23
10527210 10527240 0.59
10527213 10527240 0.5
10527220 10527240 0.61
10527224 10527240 0.89
10527227 10527240 0.33
10527234 10527240 0.99
10527237 10527240 0.05
10527245 10527240 0.31
10527249 10527240 0.33
10527272 10527240 0.93
10527276 10527240 0.76
10527204 10527241 0.67
10527208 10527241 0.17
10527211 10527241 0.57
10527214 10527241 0.67
10527218 10527241 0.06
10527221 10527241 0.27
10527225 10527241 0.27
10527230 10527241 0.41
10527233 10527241 0.22
10527235 10527241 0.56
10527238 10527241 0.73
10527246 10527241 0.95
10527247 10527241 0.93
10527250 10527241 0.26
10527272 10527241 0.31
10527273 10527241 0.08
10527202 10527243 0.31
10527206 10527243 0.3
10527209 10527243 0.31
10527212 10527243 0.4
10527215 10527243 0.92
10527219 10527243 0.18
10527222 10527243 0.3
10527227 10527243 0.62
10527233 10527243 0.11
10527239 10527243 0.52
10527247 10527243 0.62
10527270 10527243 0.36
10527273 10527243 0.82
10527275 10527243 0.32
10527203 10527245 0.38
10527206 10527245 0.41
10527207 10527245 0.21
10527210 10527245 0.58
10527213 10527245 0.89
10527217 10527245 0.72
10527219 10527245 0.92
10527220 10527245 0.12
10527224 10527245 0.95
10527234 10527245 0.58
10527235 10527245 0.84
10527237 10527245 0.2
10527240 10527245 0.21
10527249 10527245 0.4
10527272 10527245 0.99
10527276 10527245 0.15
10527201 10527246 0.85
10527202 10527246 0.92
10527203 10527246 0.41
10527204 10527246 0.21
10527208 10527246 0.46
10527211 10527246 0.96
10527214 10527246 0.5
10527215 10527246 0.61
10527221 10527246 0.75
10527225 10527246 0.11
10527230 10527246 0.19
10527233 10527246 0.76
10527238 10527246 0.97
10527241 10527246 0.23
10527243 10527246 0.8
10527245 10527246 0.62
10527273 10527246 0.13
10527276 10527246 0.29
10527202 10527247 0.48
10527206 10527247 0.62
10527209 10527247 0.53
10527212 10527247 0.61
10527215 10527247 0.33
10527219 10527247 0.29
10527227 10527247 0.48
10527233 10527247 0.63
10527239 10527247 0.92
10527243 10527247 0.13
10527270 10527247 0.94
10527272 10527247 0.3
10527275 10527247 0.65
10527276 10527247 0.19
10527203 10527249 0.11
10527207 10527249 0.42
10527208 10527249 0.8
10527210 10527249 0.63
10527213 10527249 0.87
10527217 10527249 0.6
10527218 10527249 0.24
10527220 10527249 0.06
10527224 10527249 0.71
10527228 10527249 0.72
10527234 10527249 0.53
10527237 10527249 0.19
10527240 10527249 0.58
10527245 10527249 0.24
10527272 10527249 0.24
10527275 10527249 0.61
10527276 10527249 0.51
10527201 10527250 0.44
10527203 10527250 0.27
10527204 10527250 0.98
10527207 10527250 0.05
10527208 10527250 0.58
10527211 10527250 0.18
10527218 10527250 0.71
10527225 10527250 0.56
10527233 10527250 0.81
10527235 10527250 0.35
10527236 10527250 0.31
10527241 10527250 0.06
10527246 10527250 0.49
10527273 10527250 0.07
10527202 10527270 0.27
10527206 10527270 0.38
10527209 10527270 0.58
10527212 10527270 0.05
10527213 10527270 0.22
10527215 10527270 0.13
10527221 10527270 0.89
10527222 10527270 0.95
10527227 10527270 0.14
10527233 10527270 0.14
10527235 10527270 0.82
10527236 10527270 0.44
10527239 10527270 0.6
10527240 10527270 0.24
10527241 10527270 0.82
10527243 10527270 0.48
10527247 10527270 0.16
10527275 10527270 0.51
10527203 10527272 0.32
10527207 10527272 0.63
10527210 10527272 0.08
10527213 10527272 0.96
10527217 10527272 0.41
10527220 10527272 0.97
10527222 10527272 1
10527224 10527272 0.54
10527227 10527272 0.87
10527228 10527272 0.89
10527230 10527272 0.06
10527234 10527272 0.65
10527237 10527272 0.25
10527238 10527272 0.64
10527240 10527272 0.82
10527245 10527272 0.88
10527246 10527272 0.05
10527249 10527272 0.41
10527276 10527272 0.21
10527201 10527273 0.21
10527204 10527273 0.85
10527208 10527273 0.11
10527211 10527273 0.1
10527214 10527273 0.79
10527218 10527273 0.94
10527221 10527273 0.95
10527222 10527273 0.9
10527225 10527273 0.78
10527230 10527273 1
10527235 10527273 0.42
10527236 10527273 0.58
10527241 10527273 0.96
10527246 10527273 0.47
10527250 10527273 0.95
10527275 10527273 0.48
10527202 10527275 0.56
10527203 10527275 0.36
10527206 10527275 0.37
10527209 10527275 0.85
10527212 10527275 0.67
10527215 10527275 0.66
10527219 10527275 0.65
10527222 10527275 0.77
10527225 10527275 0.27
10527227 10527275 0.9
10527236 10527275 0.16
10527237 10527275 0.95
10527239 10527275 0.7
10527243 10527275 0.79
10527247 10527275 0.96
10527250 10527275 0.69
10527270 10527275 0.78
10527202 10527276 0.89
10527203 10527276 0.98
10527207 10527276 0.9
10527210 10527276 0.69
10527213 10527276 0.51
10527217 10527276 0.75
10527220 10527276 0.91
10527224 10527276 0.09
10527228 10527276 0.63
10527234 10527276 0.4
10527237 10527276 0.56
10527240 10527276 0.98
10527245 10527276 0.35
10527249 10527276 0.98
10527270 10527276 0.26
10527272 10527276 0.91
10527273 10527276 1