--- Hash table created by Quadratic probing ---
[0]	0,	3102535,	劉宏治,   	74.17
[1]	0,	4106034,	何政霖,   	50.67
[2]	0,	10327107,	伍延宸,   	71.33
[3]	3,	10127171,	陳康平,   	83.5
[4]	0,	10320129,	許齡之,   	72.33
[5]	
[6]	
[7]	
[8]	8,	10227261,	邱冠智,   	82.83
[9]	0,	10320133,	彭暐帆,   	75.33
[10]	
[11]	11,	10220140,	高自在,   	84.5
[12]	12,	10227257,	蔡易霖,   	77.17
[13]	0,	10327122,	鄭敬達,   	75.83
[14]	
[15]	15,	4106076,	劉仁杰,   	79.83
[16]	16,	10127261,	王彥鈞,   	76.5
-------------------------------------------------
